Total Characters : 21
CompressionCode : 0.459752721918482
a : 0.142857142857143
s : 0.142857142857143
d : 0.380952380952381
f : 0.142857142857143
j : 0.095238095238095
k : 0.047619047619048
l : 0.047619047619048
